1 PINHOLE 1408 376 552.554261 552.554261 682.049453 238.769549
2 PINHOLE 1408 376 552.554261 552.554261 682.049453 238.769549
3 PINHOLE 1408 376 552.554261 552.554261 682.049453 238.769549
4 PINHOLE 1408 376 552.554261 552.554261 682.049453 238.769549
5 PINHOLE 1408 376 552.554261 552.554261 682.049453 238.769549
6 PINHOLE 1408 376 552.554261 552.554261 682.049453 238.769549
7 PINHOLE 1408 376 552.554261 552.554261 682.049453 238.769549
8 PINHOLE 1408 376 552.554261 552.554261 682.049453 238.769549
9 PINHOLE 1408 376 552.554261 552.554261 682.049453 238.769549
10 PINHOLE 1408 376 552.554261 552.554261 682.049453 238.769549
11 PINHOLE 1408 376 552.554261 552.554261 682.049453 238.769549
12 PINHOLE 1408 376 552.554261 552.554261 682.049453 238.769549
13 PINHOLE 1408 376 552.554261 552.554261 682.049453 238.769549
14 PINHOLE 1408 376 552.554261 552.554261 682.049453 238.769549
15 PINHOLE 1408 376 552.554261 552.554261 682.049453 238.769549
16 PINHOLE 1408 376 552.554261 552.554261 682.049453 238.769549
17 PINHOLE 1408 376 552.554261 552.554261 682.049453 238.769549
18 PINHOLE 1408 376 552.554261 552.554261 682.049453 238.769549
19 PINHOLE 1408 376 552.554261 552.554261 682.049453 238.769549
20 PINHOLE 1408 376 552.554261 552.554261 682.049453 238.769549
21 PINHOLE 1408 376 552.554261 552.554261 682.049453 238.769549
22 PINHOLE 1408 376 552.554261 552.554261 682.049453 238.769549
23 PINHOLE 1408 376 552.554261 552.554261 682.049453 238.769549
24 PINHOLE 1408 376 552.554261 552.554261 682.049453 238.769549
25 PINHOLE 1408 376 552.554261 552.554261 682.049453 238.769549
26 PINHOLE 1408 376 552.554261 552.554261 682.049453 238.769549
27 PINHOLE 1408 376 552.554261 552.554261 682.049453 238.769549
28 PINHOLE 1408 376 552.554261 552.554261 682.049453 238.769549
29 PINHOLE 1408 376 552.554261 552.554261 682.049453 238.769549
30 PINHOLE 1408 376 552.554261 552.554261 682.049453 238.769549
31 PINHOLE 1408 376 552.554261 552.554261 682.049453 238.769549
32 PINHOLE 1408 376 552.554261 552.554261 682.049453 238.769549
33 PINHOLE 1408 376 552.554261 552.554261 682.049453 238.769549
34 PINHOLE 1408 376 552.554261 552.554261 682.049453 238.769549
35 PINHOLE 1408 376 552.554261 552.554261 682.049453 238.769549
36 PINHOLE 1408 376 552.554261 552.554261 682.049453 238.769549
37 PINHOLE 1408 376 552.554261 552.554261 682.049453 238.769549
38 PINHOLE 1408 376 552.554261 552.554261 682.049453 238.769549
39 PINHOLE 1408 376 552.554261 552.554261 682.049453 238.769549
40 PINHOLE 1408 376 552.554261 552.554261 682.049453 238.769549
41 PINHOLE 1408 376 552.554261 552.554261 682.049453 238.769549
42 PINHOLE 1408 376 552.554261 552.554261 682.049453 238.769549
43 PINHOLE 1408 376 552.554261 552.554261 682.049453 238.769549
44 PINHOLE 1408 376 552.554261 552.554261 682.049453 238.769549
45 PINHOLE 1408 376 552.554261 552.554261 682.049453 238.769549
46 PINHOLE 1408 376 552.554261 552.554261 682.049453 238.769549
47 PINHOLE 1408 376 552.554261 552.554261 682.049453 238.769549
48 PINHOLE 1408 376 552.554261 552.554261 682.049453 238.769549
49 PINHOLE 1408 376 552.554261 552.554261 682.049453 238.769549
50 PINHOLE 1408 376 552.554261 552.554261 682.049453 238.769549
51 PINHOLE 1408 376 552.554261 552.554261 682.049453 238.769549
52 PINHOLE 1408 376 552.554261 552.554261 682.049453 238.769549
53 PINHOLE 1408 376 552.554261 552.554261 682.049453 238.769549
54 PINHOLE 1408 376 552.554261 552.554261 682.049453 238.769549
55 PINHOLE 1408 376 552.554261 552.554261 682.049453 238.769549
56 PINHOLE 1408 376 552.554261 552.554261 682.049453 238.769549
57 PINHOLE 1408 376 552.554261 552.554261 682.049453 238.769549
58 PINHOLE 1408 376 552.554261 552.554261 682.049453 238.769549
59 PINHOLE 1408 376 552.554261 552.554261 682.049453 238.769549
60 PINHOLE 1408 376 552.554261 552.554261 682.049453 238.769549
61 PINHOLE 1408 376 552.554261 552.554261 682.049453 238.769549
62 PINHOLE 1408 376 552.554261 552.554261 682.049453 238.769549
63 PINHOLE 1408 376 552.554261 552.554261 682.049453 238.769549
64 PINHOLE 1408 376 552.554261 552.554261 682.049453 238.769549
65 PINHOLE 1408 376 552.554261 552.554261 682.049453 238.769549
66 PINHOLE 1408 376 552.554261 552.554261 682.049453 238.769549
67 PINHOLE 1408 376 552.554261 552.554261 682.049453 238.769549
68 PINHOLE 1408 376 552.554261 552.554261 682.049453 238.769549
69 PINHOLE 1408 376 552.554261 552.554261 682.049453 238.769549
70 PINHOLE 1408 376 552.554261 552.554261 682.049453 238.769549
71 PINHOLE 1408 376 552.554261 552.554261 682.049453 238.769549
72 PINHOLE 1408 376 552.554261 552.554261 682.049453 238.769549
73 PINHOLE 1408 376 552.554261 552.554261 682.049453 238.769549
74 PINHOLE 1408 376 552.554261 552.554261 682.049453 238.769549
75 PINHOLE 1408 376 552.554261 552.554261 682.049453 238.769549
76 PINHOLE 1408 376 552.554261 552.554261 682.049453 238.769549
77 PINHOLE 1408 376 552.554261 552.554261 682.049453 238.769549
78 PINHOLE 1408 376 552.554261 552.554261 682.049453 238.769549
79 PINHOLE 1408 376 552.554261 552.554261 682.049453 238.769549
80 PINHOLE 1408 376 552.554261 552.554261 682.049453 238.769549
81 PINHOLE 1408 376 552.554261 552.554261 682.049453 238.769549
82 PINHOLE 1408 376 552.554261 552.554261 682.049453 238.769549
83 PINHOLE 1408 376 552.554261 552.554261 682.049453 238.769549
84 PINHOLE 1408 376 552.554261 552.554261 682.049453 238.769549
85 PINHOLE 1408 376 552.554261 552.554261 682.049453 238.769549
86 PINHOLE 1408 376 552.554261 552.554261 682.049453 238.769549
87 PINHOLE 1408 376 552.554261 552.554261 682.049453 238.769549
88 PINHOLE 1408 376 552.554261 552.554261 682.049453 238.769549
89 PINHOLE 1408 376 552.554261 552.554261 682.049453 238.769549
90 PINHOLE 1408 376 552.554261 552.554261 682.049453 238.769549
91 PINHOLE 1408 376 552.554261 552.554261 682.049453 238.769549
92 PINHOLE 1408 376 552.554261 552.554261 682.049453 238.769549
93 PINHOLE 1408 376 552.554261 552.554261 682.049453 238.769549
94 PINHOLE 1408 376 552.554261 552.554261 682.049453 238.769549
95 PINHOLE 1408 376 552.554261 552.554261 682.049453 238.769549
96 PINHOLE 1408 376 552.554261 552.554261 682.049453 238.769549
97 PINHOLE 1408 376 552.554261 552.554261 682.049453 238.769549
98 PINHOLE 1408 376 552.554261 552.554261 682.049453 238.769549
99 PINHOLE 1408 376 552.554261 552.554261 682.049453 238.769549
100 PINHOLE 1408 376 552.554261 552.554261 682.049453 238.769549
101 PINHOLE 1408 376 552.554261 552.554261 682.049453 238.769549
102 PINHOLE 1408 376 552.554261 552.554261 682.049453 238.769549
103 PINHOLE 1408 376 552.554261 552.554261 682.049453 238.769549
104 PINHOLE 1408 376 552.554261 552.554261 682.049453 238.769549
105 PINHOLE 1408 376 552.554261 552.554261 682.049453 238.769549
106 PINHOLE 1408 376 552.554261 552.554261 682.049453 238.769549
107 PINHOLE 1408 376 552.554261 552.554261 682.049453 238.769549
108 PINHOLE 1408 376 552.554261 552.554261 682.049453 238.769549
109 PINHOLE 1408 376 552.554261 552.554261 682.049453 238.769549
110 PINHOLE 1408 376 552.554261 552.554261 682.049453 238.769549
111 PINHOLE 1408 376 552.554261 552.554261 682.049453 238.769549
112 PINHOLE 1408 376 552.554261 552.554261 682.049453 238.769549
113 PINHOLE 1408 376 552.554261 552.554261 682.049453 238.769549
114 PINHOLE 1408 376 552.554261 552.554261 682.049453 238.769549
115 PINHOLE 1408 376 552.554261 552.554261 682.049453 238.769549
116 PINHOLE 1408 376 552.554261 552.554261 682.049453 238.769549
117 PINHOLE 1408 376 552.554261 552.554261 682.049453 238.769549
118 PINHOLE 1408 376 552.554261 552.554261 682.049453 238.769549
119 PINHOLE 1408 376 552.554261 552.554261 682.049453 238.769549
120 PINHOLE 1408 376 552.554261 552.554261 682.049453 238.769549
