1 0.9974118598135442 -0.0022436951663244073 0.07180959346409367 0.002816993137592883 4.766818144696312 -3.2396993672555197 32.69864520649201 1 image_00/0000000353.png

2 0.9972978239353918 0.0008149000106992641 0.07317535846092524 -0.006457950967667068 4.912614267609028 -4.040126310378948 37.83750586362175 2 image_00/0000000347.png

3 0.9970480641961076 -0.0009101378708668125 0.07674886700109963 -0.001958316103584575 5.177758248771355 -3.711503639844281 36.07594710909566 3 image_00/0000000349.png

4 0.9980818712771085 -0.0011540346428785225 0.06171139689234254 0.004790014331042481 4.058857432644712 -3.13104422591426 31.07898383831978 4 image_00/0000000355.png

5 0.9988005171366553 0.0013932470474420486 0.04864563829556362 0.00538741954844821 3.183852415273015 -3.1068906330420996 29.47208927667814 5 image_00/0000000357.png

6 0.9993807102824082 0.001988408111360972 0.03487707988057766 0.004206474477803791 2.2945716187184027 -2.9715924798914304 27.881044282090667 6 image_00/0000000359.png

7 0.9997507733846718 0.002649477359877171 0.022152451934974993 0.0007901790486726619 1.4844226833703664 -2.8434562206873983 26.27909625986653 7 image_00/0000000361.png

8 0.9999263079146595 0.0005807196580981019 0.012109781057473689 -0.0005860144262172384 0.878380804415753 -2.564245247738483 24.686596970979807 8 image_00/0000000363.png

9 0.9970294169393124 -7.341264256089201e-05 0.07701310182828065 0.0012224229195344374 5.170920247561841 -3.5743757466617008 34.337662996793675 9 image_00/0000000351.png

10 0.9999671798760268 -0.002237852422810661 0.005589011527334692 -0.0054010656616890005 0.44926749681991607 -2.26218074016677 23.090946821072922 10 image_00/0000000365.png

11 0.9999665539060423 0.000782368583518606 0.0021504453907314467 -0.007837297412065448 0.20541056727013607 -2.2308178986009324 21.443453891745573 11 image_00/0000000367.png

12 0.9998966170056283 0.0013667667064965155 0.0034896862102694326 -0.013880406731213643 0.14947465785112235 -2.0843529844703994 19.813519180687607 12 image_00/0000000369.png

13 0.9998490837981202 -0.001055007562618172 0.0077678111426308 -0.015503839066996998 0.24557614383019225 -1.8263289979770017 18.200395477167564 13 image_00/0000000371.png

14 0.9998381708823421 -0.0006867442749745885 0.011963056883691326 -0.013417134287754987 0.35542179155018 -1.6753706115345102 16.56198195300557 14 image_00/0000000373.png

15 0.999850045854626 -0.0010917697447563274 0.009885413866040567 -0.01417405597209023 0.3056492001189569 -1.743278590057559 17.383701563206703 15 image_00/0000000372.png

16 0.9998152780167693 0.0006478335291347847 0.01590962434284324 -0.010754913207919655 0.4465031184947459 -1.5476147112323668 14.913093400604524 16 image_00/0000000375.png

17 0.9998357578837346 0.00036441831557416145 0.01390167346012341 -0.011619551128781973 0.4040260586882524 -1.6266340413692288 15.736213175364947 17 image_00/0000000374.png

18 0.9998061043001538 -6.451094317771859e-05 0.017620492708317146 -0.00879461616210885 0.48314627120540876 -1.4420588860088959 14.094923413500767 18 image_00/0000000376.png

19 0.9997828384131575 -0.0002834439658300606 0.019028915429112267 -0.008486162320764597 0.49647396551353556 -1.3541437399452305 13.274541695215547 19 image_00/0000000377.png

20 0.9997443985215839 -0.00027145101938994763 0.021832344997051566 -0.005867949266693081 0.49641757196478836 -1.0988830877878388 10.805767104086266 20 image_00/0000000380.png

21 0.9997463662689402 0.0002892822569193082 0.021100584564729977 -0.007871326224896452 0.49702926279550064 -1.1982862126683003 11.625619866308607 21 image_00/0000000379.png

22 0.9997613063982598 3.0257882251694623e-06 0.020268195172147285 -0.00815581109439308 0.5017700869357793 -1.2759609024851621 12.450346446774372 22 image_00/0000000378.png

23 0.9997325693540111 -0.0002451564559201022 0.022512696989079747 -0.005282907088435222 0.48481958613948617 -1.0174230208670247 9.978885747488347 23 image_00/0000000381.png

24 0.9997270969201253 0.000382946915393677 0.022919748382827745 -0.004503527176383066 0.4668411097277009 -0.94511362339301 9.150689051450753 24 image_00/0000000382.png

25 0.9997298222013011 0.0006786167591251479 0.022995773581503006 -0.003303883442650782 0.4453519491064144 -0.8617523969381076 8.3235362143958 25 image_00/0000000383.png

26 0.9997347640098166 0.001215051185818395 0.02257868872532583 -0.004364075824584755 0.4039661765219861 -0.7858478800437546 7.492427446821875 26 image_00/0000000384.png

27 0.9997516740475372 0.002051613716420542 0.02208774053045548 -0.002091808849186936 0.3485259138069685 -0.6264210914966307 5.825999271809193 27 image_00/0000000386.png

28 0.999736597467412 0.0010609940325386025 0.02255743715475775 -0.0040931941156610524 0.37406930551023837 -0.6990744224976141 6.661400272053914 28 image_00/0000000385.png

29 0.9997710789407545 0.0014624824008836418 0.02130679189112639 -0.0012359490799819387 0.3121239995505147 -0.530489706066864 4.997672637692016 29 image_00/0000000387.png

30 0.9998094191567998 -0.0008522507328959727 0.01950487704726956 -0.00011614161818523182 0.2672726101048578 -0.4193670921677591 4.173261202428609 30 image_00/0000000388.png

31 0.9998693836469578 -0.0014764438540290177 0.016048781521897676 0.0012171776597378215 0.2105366381164241 -0.33294214144190265 3.34170589261315 31 image_00/0000000389.png

32 0.9999256532242539 -0.000367593594276653 0.011810612069892193 0.0029832120855354132 0.15466019381035329 -0.25674954445585574 2.5036618594567472 32 image_00/0000000390.png

33 0.9999671308162841 0.0014551210599216642 0.007592943255659191 0.0023991039645184587 0.09767570415267283 -0.1779753143817265 1.6643084920631444 33 image_00/0000000391.png

34 0.9999900225908199 0.0018760881964049508 0.003822089240850794 0.001280569331353271 0.04752676231577033 -0.08952874640190302 0.827598879749616 34 image_00/0000000392.png

35 0.9999905958941321 -0.0013224047499033678 -0.003953826883017772 -0.001096919780867304 -0.03924440346015373 0.08669167423914162 -0.8314816970027356 35 image_00/0000000394.png

36 0.9999660956892074 -0.001316429751127418 -0.007987661403103499 -0.0015056649250512783 -0.06864424098674696 0.17236804636631425 -1.6668575988788537 36 image_00/0000000395.png

37 1.0 1.404677588696272e-18 -1.1185962282013762e-17 -2.7374253242176885e-18 -2.2737367544323206e-13 -2.3283655574815127e-30 4.547473508864642e-13 37 image_00/0000000393.png

38 0.9999243107800947 -0.0007877229670680162 -0.01207091807758102 -0.0022408278765348104 -0.09398080524595949 0.26192370733963827 -2.5030593645641623 38 image_00/0000000396.png

39 0.9998678101611236 -2.5371055682379722e-05 -0.016096640631997068 -0.0022738326316449385 -0.10787453566213433 0.3541334200999318 -3.3448855022443635 39 image_00/0000000397.png

40 0.9997943646398905 -0.0006254419325244871 -0.020007944011006275 -0.00320346703691673 -0.11967081732581482 0.4383233906103153 -4.180520955177026 40 image_00/0000000398.png

41 0.9997104039809235 -0.001758187828026289 -0.023646175375076354 -0.004101474661735503 -0.12637586027939526 0.5170698775678095 -5.0152607997930865 41 image_00/0000000399.png

42 0.999614089459302 -0.0024822920303154954 -0.027157789693278117 -0.005280021528769177 -0.12784359172838006 0.594433297935139 -5.85193019332598 42 image_00/0000000400.png

43 0.9994069393775667 -0.0009564835090774089 -0.033006605301847056 -0.009771656933490662 -0.16358225764291898 0.882809384552492 -8.353628487628663 43 image_00/0000000403.png

44 0.9995189862818995 -0.002097599190297848 -0.030053137651802977 -0.007350370767214305 -0.13379830079657268 0.6859188798058897 -6.6867503665097 44 image_00/0000000401.png

45 0.9994562334635952 -0.0017022396745825176 -0.031766375306896646 -0.008670310258855306 -0.14850846004773666 0.7809601628464355 -7.521333706949554 45 image_00/0000000402.png

46 0.9993770665002936 -0.00221035754810652 -0.033117101511769276 -0.011999112531976846 -0.2272866795330254 1.0369775617282022 -10.011076808750616 46 image_00/0000000405.png

47 0.9993834484138014 -0.0018523782771016186 -0.033461084097288776 -0.010462640581597009 -0.18802613672949406 0.9563313514343028 -9.18170838391682 47 image_00/0000000404.png

48 0.9993988111827193 -0.0016222852575791956 -0.03222062232096641 -0.012697960224776357 -0.2764828217547351 1.1349242371976578 -10.839589213344125 48 image_00/0000000406.png

49 0.9994541419934074 -0.00042825965597896825 -0.030708963619047895 -0.012173515808145048 -0.33599792835949105 1.2472790378570373 -11.666422597058057 49 image_00/0000000407.png

50 0.9995183537235486 0.0006716485372291024 -0.02827901023663376 -0.012764109473705812 -0.41937404853681853 1.36354822229714 -12.492038272407706 50 image_00/0000000408.png

51 0.9995686210329455 0.0007686316391006951 -0.025068273428102462 -0.015279982057022821 -0.5313354263507376 1.4597195346101526 -13.315399321720777 51 image_00/0000000409.png

52 0.9997159525197762 0.0002854586819537548 -0.018064774326255986 -0.015537843327208792 -0.7760029577711598 1.6216092215946345 -14.954329874255928 52 image_00/0000000411.png

53 0.9996356037777896 0.0009977477706821303 -0.021449958044564232 -0.016358925614497855 -0.6549465433758267 1.5532167202836644 -14.135410839279423 53 image_00/0000000410.png

54 0.9997860503088564 -0.0009760603776336168 -0.01468825424811461 -0.01453458220368032 -0.9023730250533395 1.670188826734098 -15.772392564897297 54 image_00/0000000412.png

55 0.999837757543019 -0.0035452050417345764 -0.0114474089916171 -0.01344966164113663 -1.032047056702483 1.6730023026825946 -16.587729771383618 55 image_00/0000000413.png

56 0.9999231246322617 -0.002642038169289663 -0.0038789458056746095 -0.011480020629712637 -1.3706088459981187 1.9547916016230107 -19.023609275583848 56 image_00/0000000416.png

57 0.9998544233996629 -0.004945320579884978 -0.008939674443018698 -0.01366295645535911 -1.141458889438664 1.709613830592413 -17.401270393397493 57 image_00/0000000414.png

58 0.9998966120064051 -0.005548565424409018 -0.006565721713879881 -0.011523805269698997 -1.250204049908792 1.7683708178389872 -18.215587832415384 58 image_00/0000000415.png

59 0.9999153637220952 0.0003238911931696717 -0.0007696700452364226 -0.012984709852958224 -1.5141226080985584 2.1636015402816193 -19.82691675214442 59 image_00/0000000417.png

60 0.999914144884356 0.002737059929518807 0.0023457857598666986 -0.01259605519198086 -1.6639249822699347 2.348769615472778 -20.62942319639553 60 image_00/0000000418.png

61 0.9999140671784076 0.0024198560804584365 0.004828903852275379 -0.01194492470810138 -1.792264706254906 2.4260547473209497 -21.436384130634966 61 image_00/0000000419.png

62 0.9999148895517455 0.0009669274090577007 0.007419578399700536 -0.01068684782453746 -1.9309606839055968 2.4420532617217208 -22.247287456218448 62 image_00/0000000420.png

63 0.9998989784119342 -0.00041414659780212947 0.009938685548593765 -0.010142126387949233 -2.0708570960797474 2.465161795357794 -23.056494573735346 63 image_00/0000000421.png

64 0.9998844029966752 -7.093004749585844e-05 0.012058882553444283 -0.009254777105696475 -2.1969793037873964 2.5635154909145212 -23.862918908491483 64 image_00/0000000422.png

65 0.9998707425146061 -4.3012382804900294e-05 0.013896076233010875 -0.008083304316708733 -2.3141303791163836 2.643924641524842 -24.66484303109274 65 image_00/0000000423.png

66 0.9998389157352664 0.0018585297859121056 0.016706231663638084 -0.006294482241491289 -2.512736455412598 2.9035692254512724 -26.261935096996638 66 image_00/0000000425.png

67 0.9998368768772433 0.0024526370901163017 0.017419472507479748 -0.004071201107475003 -2.613543761633653 3.0974038193907916 -27.860033609744043 67 image_00/0000000427.png

68 0.9999172403947856 -6.32003501506669e-05 0.012864648069756656 -0.00027748963923512356 -2.4477476447686115 3.1845789023291813 -30.273755460317847 68 image_00/0000000430.png

69 0.9999909114206732 0.0012473510791945195 0.0007532906319214421 -0.0040046201248045196 -1.8028759949397535 3.613319965764377 -33.44468766113472 69 image_00/0000000434.png

70 0.9993920972414577 -6.851796955533543e-05 -0.033793810668915875 -0.008568201747030558 0.454024449988182 4.152132465088578 -39.56577965074907 70 image_00/0000000442.png

71 0.9998363295224357 0.0006345221195469569 -0.015248119410574903 -0.009716675681566277 -0.812619376534399 3.9038300888026805 -36.55680450827961 71 image_00/0000000438.png

72 0.9982424333135212 0.0005089325247901181 -0.05810292966905974 -0.011651987849091279 2.3114281967072694 4.489709329429343 -42.34396154060278 72 image_00/0000000446.png

73 0.9961413472571629 -0.0003323815038005396 -0.08671396643984244 -0.013520436506540183 4.668074696075038 4.662681273148727 -44.7533392405039 73 image_00/0000000450.png

74 0.9972978802997858 0.0008148699454610617 0.07317530824631736 -0.006457636130935782 4.318443375916039 -4.040131474515788 37.83753337958737 74 image_01/0000000347.png

75 0.99704815901166 -0.0009103197312847951 0.0767486722781499 -0.0019580812066193687 4.583834212438502 -3.711418289553245 36.07554335027521 75 image_01/0000000349.png

76 0.9970293817354996 -7.35723548583712e-05 0.07701275637848391 0.0012226526031874992 4.57700109764113 -3.574347038092273 34.33723783145675 76 image_01/0000000351.png

77 0.997411881266878 -0.0022437565949727646 0.07180961597458645 0.002817258877589527 4.1726420464905685 -3.2396865132239365 32.69871740650813 77 image_01/0000000353.png

78 0.9980819085197739 -0.0011541538673681523 0.06171125903081137 0.004790193242143986 3.4646820250693406 -3.1310155433093705 31.07902321985213 78 image_01/0000000355.png

79 0.9988006341618575 0.0013930379383056079 0.04864543267206445 0.005387808647002572 2.5898769644702404 -3.1068804710500295 29.471686253178245 79 image_01/0000000357.png

80 0.9993808141389422 0.0019884322210233026 0.034876819563712434 0.004206677043172357 1.7001556880614468 -2.9716407659055095 27.88131928830484 80 image_01/0000000359.png

81 0.9997508111648171 0.0026493964145505363 0.022152329919781825 0.0007904838529040195 0.8900090029945096 -2.8434947016949406 26.27941461955969 81 image_01/0000000361.png

82 0.9999263644059995 0.000580591206168449 0.012109503875613898 -0.0005856395040174753 0.2838899115453178 -2.564338554589359 24.686964596956503 82 image_01/0000000363.png

83 0.9999673220162227 -0.002237926704864086 0.005588709400564011 -0.005400676259049463 -0.1451664879146159 -2.2621828735946248 23.091209305781497 83 image_01/0000000365.png

84 0.9999666993957257 0.0007823109476204191 0.0021501617362775804 -0.007837049123041423 -0.38850062986902567 -2.2307746365149828 21.443116491960975 84 image_01/0000000367.png

85 0.9998966718150082 0.0013665989355971335 0.003489455871860306 -0.013880067597292968 -0.4445060499906861 -2.0843430947905306 19.813323094233713 85 image_01/0000000369.png

86 0.9998491095179105 -0.001055183638676054 0.007767682629917082 -0.015503623040784387 -0.348480498653468 -1.8262972635327386 18.200231693626517 86 image_01/0000000371.png

87 0.9998382177857112 -0.0006867889857157366 0.011962921183569732 -0.013416760266947178 -0.2385784373342904 -1.6753919954570973 16.56174133212598 87 image_01/0000000373.png

88 0.9998154150468294 0.0006477830054666091 0.015909368536599647 -0.010754650644278196 -0.147922390844054 -1.5476754621780784 14.91334929981282 88 image_01/0000000375.png

89 0.9997829143168881 -0.00028359169326527226 0.019028660755117447 -0.00848576170715078 -0.09747460394662409 -1.354076079428085 13.274246534219715 89 image_01/0000000377.png

90 0.9997299008731079 0.0006786114595861398 0.02299575082246196 -0.0033037096933538207 -0.14858503121077943 -0.8617576461387143 8.32325830951404 90 image_01/0000000383.png

91 0.9997326041497218 -0.0002452559731783884 0.022512416756611087 -0.005282554721303031 -0.10935149194541524 -1.0174388401555619 9.97892997690654 91 image_01/0000000381.png

92 0.9997463588339067 0.0002890712044616381 0.021100558433245372 -0.007871157209349906 -0.09736819476397984 -1.1983158673719299 11.625962899493238 92 image_01/0000000379.png

93 0.9997366366916596 0.0010609109459853974 0.02255735523495746 -0.0040928837993840055 -0.22014085427038563 -0.699091841238498 6.66140208660636 93 image_01/0000000385.png

94 0.9997711830681536 0.0014622846349690373 0.021306592905865906 -0.0012355702863078276 -0.2818225346561399 -0.5304607328179592 4.9973767840360015 94 image_01/0000000387.png

95 0.9998694083153483 -0.001476570135996407 0.016048615102032475 0.0012175262811743679 -0.38389483402640684 -0.3329681311836024 3.3420177335713914 95 image_01/0000000389.png

96 0.9999672653715741 0.0014551498005747425 0.007592652668676911 0.002399322440575826 -0.4962907235326988 -0.17797958899775418 1.6639931771082082 96 image_01/0000000391.png

97 1.0000000271966867 -1.0963300854982378e-07 -1.8658977669563307e-07 2.7064644016589374e-07 -0.5939612097875349 -1.4174121064176113e-05 -0.0002130970565955179 97 image_01/0000000393.png

98 0.9999661238278784 -0.0013165113130920603 -0.007987900672474412 -0.0015052726256726365 -0.6628442035696072 0.1723313537910427 -1.666868235208865 98 image_01/0000000395.png

99 0.9998678749319287 -2.5539985037256668e-05 -0.01609713071597079 -0.002273490989809614 -0.702319362549648 0.354120065959887 -3.344583590562522 99 image_01/0000000397.png

100 0.9997104493246036 -0.0017583232712384948 -0.023646575766720516 -0.0041011700198759155 -0.7208394890403728 0.5170532542793681 -5.014941952110012 100 image_01/0000000399.png

101 0.9995190965238311 -0.002097659175109445 -0.030053404436973248 -0.0073500142911000045 -0.7280126797619483 0.6859394102033043 -6.686733477328446 101 image_01/0000000401.png

102 0.9994069281268664 -0.0009565614346715243 -0.033006842088579375 -0.009771373930671574 -0.7576068042586742 0.882834761890224 -8.353780570854344 102 image_01/0000000403.png

103 0.9994541618052448 -0.0004283040068444642 -0.030709334863751884 -0.012173175257851556 -0.9300196599289162 1.2472693767014111 -11.666517821976653 103 image_01/0000000407.png

104 0.9993770243808959 -0.0022105427111017944 -0.03311734792303514 -0.011998846554899304 -0.8217666860820747 1.036991114308737 -10.010680843553793 104 image_01/0000000405.png

105 0.9995686950228573 0.0007685522167768562 -0.025068316190933988 -0.015279638070062138 -1.1251826250919907 1.4597796237522878 -13.315689018207465 105 image_01/0000000409.png

106 0.999716066450205 0.0002853435680742854 -0.018065036839962224 -0.015537505575255661 -1.3703668521485324 1.6216439437383487 -14.954173228187045 106 image_01/0000000411.png

107 0.9999153763221462 0.0003238719395740054 -0.0007698069939323089 -0.01298449868193326 -2.1082424930923023 2.163656627236037 -19.82700709440569 107 image_01/0000000417.png

108 0.9998966766951974 -0.005548735741135767 -0.006565801725908058 -0.011523550039029202 -1.8442637807966233 1.7684269201197613 -18.215687867433857 108 image_01/0000000415.png

109 0.9998377645208377 -0.003545202376962647 -0.011447418448641168 -0.013449435634802099 -1.6261200253455126 1.67306209313703 -16.587823244973666 109 image_01/0000000413.png

110 0.9999141007661373 0.0024198015165831184 0.0048286708647052624 -0.011944623173781338 -2.3862905586558107 2.426134275956671 -21.436632561136616 110 image_01/0000000419.png

111 0.9998991213951662 -0.000414102043004607 0.00993848448376516 -0.010141816859502892 -2.6647773613008314 2.4651931936997724 -23.056883540875297 111 image_01/0000000421.png

112 0.9998708015154791 -4.3221514896722696e-05 0.013895951167089388 -0.008083024491505589 -2.9081989342286847 2.6439204544335553 -24.66496450340284 112 image_01/0000000423.png

113 0.999838934359193 0.0018583850884897333 0.016705948821193452 -0.006294229812325685 -3.106865021811166 2.90354643285839 -26.261464986108933 113 image_01/0000000425.png

114 0.9998370023147009 0.002452496911320773 0.017419437366313007 -0.0040708169524953505 -3.2075438113104817 3.0973679111993975 -27.85964966441393 114 image_01/0000000427.png

115 0.9999172359941818 -6.329757503261588e-05 0.012864472311934636 -0.00027724710989384657 -3.0420632567549664 3.184701486337593 -30.274356445420658 115 image_01/0000000430.png

116 0.9999909485347708 0.001247326387313875 0.000753056279505972 -0.004004293155115701 -2.3964474057886362 3.6133315412440705 -33.44472677391698 116 image_01/0000000434.png

117 0.9998363517164737 0.0006345279320913343 -0.015248351513468246 -0.009716450442811178 -1.4061805513698058 3.9038718243521675 -36.55685954998814 117 image_01/0000000438.png

118 0.9993921190267164 -6.867330597488094e-05 -0.03379396718413039 -0.008567952559457807 -0.14018519329791024 4.152144685984136 -39.56577384256314 118 image_01/0000000442.png

119 0.9982424870812243 0.0005089142862785597 -0.05810307554512138 -0.011651806367280049 1.7167699400065544 4.4897806717348265 -42.34416640341499 119 image_01/0000000446.png

120 0.9961414565737782 -0.00033247179596322023 -0.0867141582779728 -0.013520206277133977 4.073803520317072 4.662687505324664 -44.75299101635056 120 image_01/0000000450.png

